105,12
105,11
105,10
105,9
121,3
121,2
121,1
121,0
120,3
120,2
120,1
120,0
119,3
119,2
119,1
119,0
118,3
118,2
118,1
118,0
117,3
117,2
117,1
117,0
116,6
116,5
116,4
116,3
116,2
116,1
116,0
115,3
115,2
115,1
115,0
114,3
114,2
114,1
114,0
113,3
113,2
113,1
113,0
112,3
112,2
112,1
112,0
111,3
111,2
111,1
111,0
110,4
110,3
110,2
110,1
110,0
109,4
109,3
109,2
109,1
109,0
108,3
108,2
108,1
108,0
107,5
107,4
107,3
107,2
107,1
107,0
106,5
106,4
106,3
106,2
106,1
106,0
105,8
105,7
105,6
105,5
105,4
105,3
105,2
105,1
105,0
104,4
104,3
104,2
104,1
104,0
103,4
103,3
103,2
103,1
103,0
102,3
102,2
102,1
102,0
0,563
0,562
0,561
0,560
0,559
0,558
101,3
101,2
101,1
101,0
85,30
85,29
85,28
85,27
85,26
85,25
85,24
85,23
85,5
85,4
85,22
85,21
0,557
85,20
85,19
85,18
85,17
85,16
0,556
85,15
85,14
85,13
0,555
85,12
0,554
0,553
85,11
85,10
85,9
100,3
100,2
100,1
100,0
99,3
99,2
99,1
99,0
98,3
98,2
98,1
98,0
97,3
97,2
97,1
97,0
96,6
96,5
96,4
96,3
96,2
96,1
96,0
95,3
95,2
95,1
95,0
0,552
0,551
94,3
94,2
94,1
94,0
93,3
93,2
93,1
93,0
0,550
92,3
92,2
92,1
92,0
91,3
91,2
91,1
91,0
90,4
90,3
90,2
90,1
90,0
89,4
89,3
89,2
89,1
89,0
88,3
88,2
88,1
88,0
87,5
87,4
87,3
87,2
87,1
87,0
86,5
86,4
86,3
86,2
86,1
86,0
85,8
85,7
85,6
85,3
85,2
85,1
85,0
0,549
84,4
84,3
84,2
